
SYMBOL TABLE

Sr.No.    Symbol  Address
----------------------------
0        L1       100
1         X       110
2         Y       112
3      NEXT       103
4         Z       113
5                   0
6                   0
7                   0
8                   0
9                   0
10                   0
11                   0
12                   0
13                   0
14                   0
15                   0
16                   0
17                   0
18                   0
19                   0

